100
2
11
10
2
10
00
3
000
000
000
1
1
3
000
110
000
4
0001
1010
0110
0001
4
1000
0100
0100
1000
2
00
00
4
1011
0000
0000
1001
4
0000
0100
1000
0100
4
0001
0010
1100
0001
4
0000
1110
0001
0001
4
0100
0001
0100
0101
4
1000
0100
0000
0001
4
0100
0100
0100
1000
3
011
110
000
4
1001
0110
0000
0001
4
0111
0011
0100
0000
4
1011
0000
1111
0000
4
0100
0001
0111
0000
4
0000
0010
0000
0001
4
0010
0000
0101
1000
4
0010
0001
0010
1100
4
0000
1000
1001
1000
4
0100
1001
0110
0110
3
000
111
000
4
0000
0110
0000
1000
4
1000
0100
0100
0010
4
0000
0001
1100
1001
4
0000
0010
1000
1100
4
0011
0000
0100
0000
4
0111
1001
0001
0000
3
100
101
010
4
0001
0100
0110
1011
4
0000
0000
0000
0000
1
0
3
001
001
001
3
000
000
110
4
0010
0001
0001
0010
4
0001
0000
1101
0101
4
0100
1001
0010
1000
4
1010
0100
0100
1001
4
1001
0000
0010
0010
4
0100
1100
1000
1001
4
1100
1100
1100
0011
4
1000
0111
0100
0101
4
1000
0011
0100
0000
3
011
011
011
3
010
000
010
4
0000
0011
0000
1100
4
1000
0010
0001
0100
4
1100
0010
1100
1100
4
0000
1110
0000
0000
4
0100
0100
0100
0100
3
010
111
010
4
1000
0011
1000
1000
4
0010
0010
0010
0000
4
1001
0010
0110
0100
4
0110
1000
1100
1001
3
100
100
001
4
1011
0100
0100
0000
4
0111
0000
1000
0101
4
1110
1110
0001
0001
4
1010
0100
0100
1010
3
000
110
001
4
0100
1011
0100
0100
2
01
01
4
1100
0010
0010
0000
4
0000
0000
0000
1111
2
00
01
4
1000
1000
0111
1000
4
0000
1000
1000
0000
4
1000
0110
0100
0000
4
0000
1101
0010
0000
4
0110
0000
0000
0000
4
1100
0011
1000
0000
4
0000
0010
0000
0000
4
1110
0001
0010
1001
4
1000
1101
0001
0011
4
1001
0000
1100
1100
4
1000
0111
1000
1000
3
001
100
010
2
00
11
3
000
100
000
3
010
000
001
4
0011
0100
0001
0100
4
0111
1000
0001
0001
4
1001
1010
0101
0100
3
011
100
100
4
0101
0001
0001
0000
4
1001
1001
0001
1100
4
1000
0100
0101
0100
3
110
000
100
4
0100
0001
0101
0100
2
10
01
4
1100
0100
0000
0000
4
0001
1000
1000
0001
4
1110
0000
1110
0000
4
0100
0011
0100
0010
4
0010
0110
0001
1001
