100
4 2
5 2
6 2
1000 1000
1000 1
1000000000000000000 128
1000000000000000000 288230376151711743
999999999999999999 127
387358107565479521 295879647862993840
1000000000000000000 423539247696576513
4 1
999999999999999999 128
933283280079526265 715683470582763467
768851284159301458 687897809895984690
825000245450311317 819584195834103761
500000000000000000 256570500149814610
856242504919633257 835702468821477954
500000000000000000 288230376151711743
1000000000000000000 281992984371916846
999999999999999999 2
500000000000000000 288230376151711744
295137024731310708 223276825179292162
857462455757569849 753806072678246050
734662234975993428 587194565811995927
2 2
3 1
999999999999999999 576460752303423488
334717991234528019 313394470629339617
630454830301840389 528968649009371133
377859225314600657 332234055449350492
999999999999999999 576460752303423487
999999999999999999 499999999999999999
1000000000000000000 127
500000000000000000 144115188075855871
719111413066220272 581860112229080661
1000000000000000000 999999999999999999
500000000000000000 500000000000000000
1000000000000000000 2
500000000000000000 499999999999999999
395841288288210841 317853630974167597
500000000000000000 141911820523893377
1000000000000000000 1000000000000000000
413936203546572301 369157445438245969
500000000000000000 144115188075855872
999999999999999999 499999999999999998
500000000000000000 250000000000000000
553220600395483053 463107038400286267
999999999999999999 499999999999999997
2 1
962810218587806296 762825436108805642
593890690572306236 555341489070802497
540836522568913508 473682046167048257
500000000000000000 249999999999999998
1000000000000000000 324351144871165705
500000000000000000 2
3 2
719173294798634232 596274638049457709
743970471117300977 712728413905728251
999999999999999999 423539247696576512
5 1
1000000000000000000 487359806426490523
999999999999999999 281142937543041179
717540470836111946 598794790858501683
848218303399255337 801927872611575085
766632332934546607 721440869117095996
1000000000000000000 500000000000000000
500000000000000000 249999999999999999
252550561107539087 215030146870890495
267695551405752846 220995666035647944
1000000000000000000 576460752303423488
500000000000000000 1
623295136294625266 541501060819331720
403356764903041698 344405628766943010
500000000000000000 189159570406273373
1000000000000000000 423539247696576512
457681232985370926 419826961848132058
810073701748631287 804838468384440260
500000000000000000 128
999999999999999999 999999999999999998
1000000000000000000 499999999999999999
1000000000000000000 1
999999999999999999 288230376151711743
692813054433387114 626125529762781688
500000000000000000 211769623848288256
999999999999999999 423539247696576511
976320974440356926 838097116338953931
520006806804869141 484316150629386507
999999999999999999 288230376151711744
999999999999999999 509621439675000544
500000000000000000 211769623848288257
999999999999999999 322438901932356940
1000000000000000000 499999999999999998
500000000000000000 127
1000000000000000000 576460752303423487
1000000000000000000 288230376151711744
999999999999999999 1
371258639665134964 366911652005913306
1 1
378292539828663730 321431996193284463
999999999999999999 999999999999999999
