100
4 2
5 2
6 2
1000 1000
1000 1
783 728
922 737
5 1
500 233
999 498
999 497
1000 324
500 2
1000 512
331 265
1000 256
1000 489
500 256
534 422
569 562
999 2
845 680
733 634
1000 499
500 500
735 693
443 422
995 903
466 389
999 128
999 998
2 1
499 430
510 432
1000 255
501 429
456 429
500 128
700 570
999 488
1000 128
583 488
999 127
1000 500
500 249
999 999
512 441
500 245
1000 488
916 731
999 255
1000 511
999 256
641 487
3 1
500 1
437 393
933 838
999 496
870 756
500 253
500 113
500 250
2 2
500 244
1000 999
3 2
320 261
500 255
603 482
728 679
4 1
1 1
1000 127
376 338
999 487
1000 498
999 499
999 512
981 764
1000 2
999 1
748 672
984 787
500 127
279 278
457 447
535 459
735 621
999 442
728 583
1000 490
829 694
529 454
999 511
500 248
724 573
500 116
500 117
500 499
