100
4 2
5 2
6 2
1000 1000
1000 1
1000000 127
1000000 524287
858697 725831
936322 727867
586587 535218
999999 128
1000000 1000000
500000 131071
374014 320564
500000 2
829440 679536
500000 237856
1000000 262143
1000000 475844
999999 433580
999999 475711
1000000 524288
1000000 499999
500000 250000
999999 475712
378010 316502
2 1
999999 524287
500000 249998
586960 545075
1000000 128
515501 429960
500000 237857
999999 492249
705971 690949
1000000 500000
999999 262144
450933 375902
945412 820749
2 2
400925 345389
1000000 999999
608393 605864
581762 472899
5 1
500000 499999
500000 262144
827203 780695
695548 570071
576710 469875
968371 944301
512315 466345
546344 462007
1000000 475713
4 1
999999 499997
999999 1
500000 131072
999999 2
500000 255497
1000000 499998
703954 534858
723885 660430
1 1
999999 262143
999999 999999
999999 499998
394940 374941
1000000 1
406439 358122
999999 999998
419148 380898
401237 336233
999999 127
577156 446474
1000000 2
500000 128
285774 260529
500000 262143
999999 524288
536777 492083
3 2
597588 538232
791787 787671
3 1
696722 667231
500000 249999
500000 127
339638 309139
1000000 324369
999999 499999
1000000 262144
500000 227547
500000 500000
1000000 475712
801132 634631
994987 994591
399587 337067
500000 1
444616 432623
