Start...
[0004,100,0400]
309961030
8923189780
60402486716
221221793012
[0400]
[0404,100,0700]
576324581800
1306876519696
2506751289880
[0700]
[0704,100,1000]
4387371077648
7360701180450
11163480126728
[1000]
[1004,100,1300]
16817825144072
24407624163100
33737549390224
[1300]
[1304,100,1600]
45471666622096
61165219428922
80030240460742
[1600]
[1604,100,1900]
100866710997702
130466366140688
159701819810666
[1900]
[1904,100,2200]
198443622968134
245827191850646
292021072424914
[2200]
[2204,100,2500]
348607241440142
424216407599636
491009848203986
[2500]
[2504,100,2800]
579573336909890
683024490864580
784214888495834
[2800]
[2804,100,3200]
891647706259708
1058662316668412
1165927713342168
1355851855580004
[3200]
[3204,100,3600]
1542312515586236
1720736294019864
1930606717272516
2195244822113260
[3600]
[3604,100,4000]
2429528074516452
2685836124038274
3042874523329702
3302703605362226
