50
3
1 2 3
2 3 5
3 5 6
2 3 4
1 2 3
10
91 92 93 94 95 96 97 98 99 100
10 20 30 40 50 60 70 80 90 100
3 13 23 33 43 53 63 73 83 93
9 19 29 39 49 59 69 79 89 99
1 11 21 31 41 51 61 71 81 91
8 18 28 38 48 58 68 78 88 98
61 62 63 64 65 66 67 68 69 70
4 14 24 34 44 54 64 74 84 94
81 82 83 84 85 86 87 88 89 90
21 22 23 24 25 26 27 28 29 30
6 16 26 36 46 56 66 76 86 96
71 72 73 74 75 76 77 78 79 80
11 12 13 14 15 16 17 18 19 20
31 32 33 34 35 36 37 38 39 40
7 17 27 37 47 57 67 77 87 97
41 42 43 44 45 46 47 48 49 50
2 12 22 32 42 52 62 72 82 92
51 52 53 54 55 56 57 58 59 60
5 15 25 35 45 55 65 75 85 95
2
7 12
7 12
3 7
6
5 7 10 11 14 17
2 5 7 9 10 11
2 4 6 9 11 12
11 15 16 18 22 26
7 10 11 13 17 18
9 11 13 15 19 21
10 14 15 17 21 23
12 17 18 21 23 26
9 11 13 15 17 18
6 10 11 13 15 16
4 7 10 11 14 15
9
21 27 28 33 34 40 43 47 48
1 5 8 11 14 17 20 21 25
9 16 20 25 27 29 31 34 38
7 13 16 23 25 28 30 33 34
6 12 14 20 22 24 27 28 32
14 19 22 25 27 30 33 36 39
5 9 12 13 16 19 23 26 28
8 13 14 16 20 24 27 28 29
16 26 28 34 36 40 42 47 48
20 24 27 30 31 37 38 42 45
1 2 6 7 9 11 15 16 19
2 9 13 16 19 22 24 27 29
25 29 32 34 38 44 47 48 50
11 19 24 26 30 33 37 40 44
15 23 27 30 33 35 38 43 47
11 16 20 23 25 26 30 34 36
19 28 29 36 39 44 45 48 50
7
3 8 12 13 14 15 27
4 9 13 16 17 18 29
5 10 14 17 19 20 31
1 2 3 4 5 6 22
6 11 15 18 20 21 32
22 25 26 28 30 32 34
23 24 27 29 31 33 34
2 7 8 9 10 11 24
5 10 14 17 19 20 30
4 9 13 16 17 18 28
1 2 3 4 5 6 23
6 11 15 18 20 21 33
3 8 12 13 14 15 26
3
1 2 3
2 3 4
3 4 5
2 3 4
1 2 3
6
18 20 25 28 31 35
8 9 16 19 24 25
3 5 8 13 18 19
13 16 20 23 26 27
5 7 12 17 20 23
16 23 25 27 35 38
3 6 9 13 15 16
13 17 19 23 28 31
6 7 9 16 20 23
15 20 24 26 31 36
9 12 16 20 25 28
2
4 8
2 6
6 8
5
3 7 9 12 17
2 3 7 9 13
14 17 21 25 29
10 12 14 17 23
9 11 12 17 25
2 4 6 10 14
6 9 11 12 19
13 17 19 23 29
4 7 10 11 17
10
8 15 17 22 25 30 32 38 41 42
6 11 14 18 23 26 30 35 36 40
5 6 8 11 12 14 17 18 20 23
17 26 30 34 35 40 43 48 53 56
11 17 18 25 28 34 37 42 44 47
18 33 37 38 44 48 51 54 62 67
5 7 9 12 14 17 19 20 23 24
20 37 41 44 45 53 54 59 67 68
23 38 42 49 53 56 57 62 70 72
23 36 41 44 51 56 59 62 67 70
14 24 27 29 36 40 45 48 56 61
19 30 32 37 39 45 49 51 54 57
24 40 42 47 52 61 63 67 68 72
12 19 22 28 31 35 39 47 51 52
7 11 15 17 19 24 28 33 37 38
17 28 31 35 41 43 49 52 59 63
12 18 22 25 28 29 35 38 44 49
9 14 17 18 22 27 31 37 41 42
14 23 25 28 31 36 41 44 45 53
10
101 113 163 176 203 220 237 258 268 289
80 114 119 144 185 188 205 220 245 261
47 79 93 119 125 158 175 176 213 214
35 67 91 98 116 141 143 163 188 210
60 97 105 141 161 178 183 203 236 258
131 156 210 214 258 261 285 288 291 316
103 136 159 162 206 219 242 258 281 288
77 84 141 158 178 188 213 219 231 238
24 47 58 67 77 84 102 113 139 156
20 39 49 65 72 77 78 101 115 131
49 58 91 93 105 119 127 159 184 186
65 67 98 119 141 144 148 162 200 205
20 24 35 47 60 80 85 103 109 124
85 125 127 148 189 213 236 237 252 285
115 139 188 213 236 245 252 281 287 311
39 47 67 79 97 114 125 136 146 171
78 102 143 175 183 205 236 242 244 264
109 146 184 200 216 231 244 268 287 291
124 171 186 205 222 238 264 289 311 316
4
1 2 3 4
3 4 5 6
4 5 6 7
3 4 5 6
1 2 3 4
2 3 4 5
4 5 6 7
5
11 16 21 24 27
5 7 10 14 16
5 7 9 11 16
7 10 13 16 17
10 13 17 21 24
16 18 24 25 30
16 17 21 27 30
7 10 11 16 18
14 16 18 24 25
9
7 10 13 18 19 21 23 25 27
23 25 29 33 37 40 44 47 48
10 11 16 20 24 28 31 33 37
3 7 10 11 18 21 23 25 29
8 16 21 28 31 32 37 40 42
18 21 25 28 29 32 36 41 44
21 23 27 32 34 37 39 44 46
24 29 33 37 40 42 45 51 53
5 11 13 16 19 25 27 29 33
3 7 11 14 15 16 17 20 21
7 15 19 24 28 29 34 37 40
16 21 27 37 40 44 46 48 53
11 17 23 31 33 36 39 44 45
2 3 5 6 7 8 11 12 16
12 20 25 33 37 41 44 47 51
6 14 18 20 22 28 32 33 37
14 18 19 22 28 31 33 37 40
2
6 8
2 6
2 4
4
59 72 111 125
19 39 58 72
58 73 94 111
48 56 94 99
36 51 73 96
39 51 56 72
19 36 48 59
10
7 10 14 19 23 28 33 35 38 43
22 24 28 30 38 43 45 50 52 57
4 6 10 13 20 21 23 24 29 31
18 21 26 31 34 43 47 48 52 53
19 23 28 32 38 45 48 52 57 61
36 40 43 46 47 53 61 62 67 75
5 6 9 17 22 24 26 30 36 40
12 17 19 23 27 31 32 34 39 40
15 20 25 27 33 38 42 43 44 47
24 26 33 34 42 47 48 52 56 60
26 29 31 39 43 52 56 61 63 67
17 22 23 28 33 34 38 39 43 47
23 24 29 34 39 50 52 55 61 62
26 30 35 38 43 48 52 55 61 66
31 36 38 43 44 52 57 61 63 71
12 13 15 23 28 30 34 38 43 46
2 4 8 12 17 22 24 26 31 36
2 5 7 12 15 18 19 23 26 30
30 31 34 40 47 57 60 66 71 75
4
1 2 3 6
6 9 10 12
3 8 10 14
2 5 9 12
7 12 14 17
6 9 12 17
3 5 8 9
10
6 10 12 14 17 19 20 24 26 28
12 15 18 20 21 23 26 30 32 33
13 16 18 19 20 21 24 26 28 29
15 17 20 22 24 26 28 30 31 32
2 4 6 8 10 12 13 15 16 18
3 5 7 9 12 14 16 17 19 20
8 12 14 16 18 20 21 26 27 29
4 5 7 8 10 12 13 15 17 19
2 3 4 5 6 8 10 12 13 14
10 12 14 16 17 18 20 21 23 25
5 8 11 13 16 17 19 22 23 26
12 14 15 17 19 20 22 23 24 26
14 19 21 22 25 26 29 32 34 36
6 7 9 11 12 14 16 18 20 21
16 19 22 23 26 27 29 32 33 34
13 17 20 21 23 24 28 31 33 35
4 7 9 11 14 15 18 20 22 24
10 13 16 18 20 22 24 28 29 30
18 20 24 26 28 29 30 33 35 36
7
1 8 15 22 29 36 43
4 11 18 25 32 39 46
22 23 24 25 26 27 28
43 44 45 46 47 48 49
29 30 31 32 33 34 35
1 2 3 4 5 6 7
3 10 17 24 31 38 45
15 16 17 18 19 20 21
36 37 38 39 40 41 42
8 9 10 11 12 13 14
6 13 20 27 34 41 48
7 14 21 28 35 42 49
2 9 16 23 30 37 44
2
4 8
6 8
2 4
10
17 18 22 24 25 26 28 29 31 32
6 10 12 14 15 18 19 20 21 24
9 12 13 15 17 19 20 22 24 26
4 6 8 10 12 13 14 16 17 19
10 14 16 18 20 21 22 24 25 27
13 16 19 20 22 23 24 27 28 29
6 7 10 12 13 14 16 18 19 20
13 19 20 24 26 27 28 29 31 32
4 8 10 11 13 16 18 19 20 22
9 13 14 17 19 21 22 23 25 26
7 12 13 16 17 20 21 22 23 25
3 6 7 10 12 14 15 16 17 18
15 17 20 21 23 25 26 28 29 31
8 10 11 14 16 17 19 21 22 24
12 17 19 22 24 25 26 28 29 31
2 3 4 6 7 9 10 11 12 13
2 4 6 8 9 10 12 13 15 17
10 14 16 19 20 22 23 24 26 28
12 15 18 19 21 22 23 25 26 28
5
11 15 19 20 23
5 6 10 13 15
2 6 8 15 16
3 10 11 19 23
5 15 19 23 28
1 5 7 11 12
4 13 17 20 25
12 16 23 25 28
1 2 3 4 5
8
11 14 15 19 21 22 25 28
10 12 14 17 19 21 24 26
1 2 4 6 7 9 10 11
7 9 11 14 16 18 20 23
10 13 14 16 18 19 21 22
9 10 13 15 18 19 22 25
3 5 6 7 9 10 12 14
4 6 8 10 12 14 17 19
5 7 8 10 11 13 14 15
6 7 10 12 13 16 19 21
11 15 17 19 20 22 24 25
7 8 10 12 14 15 17 19
2 5 7 8 11 13 15 17
9 11 12 13 16 18 19 21
13 17 19 21 23 25 26 28
3
1 2 3
2 3 4
1 2 3
3 4 5
3 4 5
5
4 6 7 9 10
8 9 10 12 16
2 5 6 8 9
8 10 12 14 16
7 8 9 10 14
3 5 6 8 10
5 6 7 9 12
1 2 4 6 8
6 8 9 10 12
2
2 22
22 222
22 222
10
6 10 12 13 17 18 20 25 28 29
11 14 17 19 23 24 28 29 32 33
8 11 12 14 18 19 22 23 28 30
11 15 18 20 23 24 25 29 34 35
3 5 6 8 11 13 16 19 20 23
13 16 18 21 24 26 31 34 36 38
8 13 14 15 19 21 23 27 31 34
15 19 20 23 25 29 33 37 40 42
20 23 28 31 34 36 37 41 45 49
23 28 30 31 33 38 42 46 49 51
20 25 28 29 32 36 40 43 45 47
10 12 13 15 20 21 25 26 29 31
18 22 25 27 29 32 34 40 43 46
3 5 8 10 11 13 15 18 20 23
5 7 10 13 15 18 20 22 25 28
19 22 23 26 29 34 37 40 41 43
23 24 29 34 35 39 41 43 47 51
16 20 22 25 28 31 33 34 37 41
5 7 11 12 14 16 19 22 23 24
10
8 16 23 29 34 38 41 43 44 61
1 2 3 4 5 6 7 8 9 47
7 15 22 28 33 37 40 41 42 59
6 14 21 27 32 36 37 38 39 57
8 16 23 29 34 38 41 43 44 60
9 17 24 30 35 39 42 44 45 63
47 49 51 53 54 56 58 61 62 64
4 12 19 25 26 27 28 29 30 53
5 13 20 26 31 32 33 34 35 54
2 10 11 12 13 14 15 16 17 49
2 10 11 12 13 14 15 16 17 48
5 13 20 26 31 32 33 34 35 55
46 48 50 52 55 57 59 60 63 64
6 14 21 27 32 36 37 38 39 56
4 12 19 25 26 27 28 29 30 52
9 17 24 30 35 39 42 44 45 62
1 2 3 4 5 6 7 8 9 46
3 11 18 19 20 21 22 23 24 50
7 15 22 28 33 37 40 41 42 58
4
2 4 5 7
4 5 6 9
5 6 7 11
5 7 9 11
1 2 3 5
1 2 4 5
2 4 5 6
7
7 11 14 15 17 18 19
2 3 5 6 7 9 11
4 6 8 10 11 13 14
10 12 15 16 18 21 22
11 14 16 18 19 23 25
6 10 12 14 15 16 18
6 8 10 12 14 15 16
2 4 6 8 9 10 11
9 11 13 15 17 19 20
8 9 12 14 15 17 18
11 14 16 18 20 22 25
5 8 10 12 13 15 16
3 6 8 9 11 12 14
7
3 4 5 6 7 8 9
2 3 4 5 6 7 8
4 5 6 7 8 9 10
6 7 8 9 10 11 12
5 6 7 8 9 10 11
4 5 6 7 8 9 10
7 8 9 10 11 12 13
3 4 5 6 7 8 9
6 7 8 9 10 11 12
1 2 3 4 5 6 7
1 2 3 4 5 6 7
7 8 9 10 11 12 13
2 3 4 5 6 7 8
9
14 27 30 33 37 43 49 54 56
3 8 12 13 18 19 23 28 31
4 12 14 15 23 26 30 32 33
18 23 26 31 35 37 38 44 46
13 15 24 25 27 33 36 40 42
20 30 38 40 44 50 55 61 62
3 4 6 10 13 14 16 20 25
28 32 37 40 45 54 56 61 64
16 28 33 36 38 48 53 56 58
10 21 22 25 31 32 36 40 45
25 33 40 42 46 54 57 64 66
23 30 31 36 44 49 53 55 57
12 14 20 22 24 30 33 38 40
13 23 24 27 35 40 44 45 47
31 33 42 45 47 56 58 62 66
8 12 17 21 23 27 28 30 33
6 17 20 24 26 27 31 37 42
4
1 2 3 7
2 4 5 9
7 10 12 13
1 2 3 8
2 4 5 10
3 5 6 11
3 5 6 12
7
6 11 16 21 26 28 32
25 28 38 41 44 48 49
5 11 13 14 19 24 28
11 14 25 27 34 38 42
16 28 35 38 40 42 48
20 24 33 38 41 42 48
7 13 21 23 30 35 37
13 26 30 34 38 41 44
21 32 37 42 47 48 49
12 21 23 27 33 38 41
16 19 29 33 38 40 47
2 6 7 11 16 20 25
2 5 8 12 13 16 21
8
3 4 7 9 10 11 13 15
4 6 9 11 13 15 17 18
9 13 15 17 18 21 22 26
6 10 12 15 17 19 20 21
2 3 5 6 8 9 11 13
10 14 16 18 21 22 24 26
6 8 10 12 14 17 19 21
1 2 3 4 6 7 8 9
5 8 10 13 14 15 16 18
2 3 4 6 8 10 12 14
4 6 8 11 12 14 15 17
7 9 11 14 15 19 20 22
8 12 13 17 19 20 21 22
3 5 7 8 10 12 13 16
1 2 3 4 5 6 8 10
7
14 16 20 23 24 26 29
11 15 18 20 22 25 27
17 18 23 25 26 30 31
3 6 9 11 14 15 17
14 17 20 22 24 28 30
8 10 15 18 20 23 24
3 5 8 11 14 17 19
19 22 26 27 29 31 32
15 18 23 26 28 30 31
5 9 12 15 16 18 20
9 12 15 16 20 23 26
6 9 10 12 17 18 22
17 20 24 27 30 31 32
9
11 15 16 23 27 30 32 33 37
20 22 25 29 38 42 43 44 48
7 9 11 15 18 21 23 25 27
14 18 21 26 31 32 34 36 38
18 23 27 32 34 39 43 47 49
25 26 28 34 43 46 49 52 55
8 11 14 16 21 24 25 26 28
17 20 24 28 35 36 39 40 44
22 24 26 33 40 43 47 48 51
22 25 30 33 36 40 44 48 52
4 7 8 10 14 17 18 22 26
4 7 10 11 14 17 20 22 25
26 27 34 37 38 44 48 51 55
10 15 19 23 26 28 29 33 34
10 13 14 19 22 26 27 30 34
14 18 22 27 31 35 38 40 43
17 21 26 30 32 36 42 43 46
2
1 2
2 4
1 3
7
53 63 109 110 144 165 190
100 104 156 160 189 201 223
60 80 102 110 139 143 160
78 89 124 144 151 175 189
28 44 68 80 89 92 124
14 28 30 53 63 85 100
14 23 41 60 78 83 104
83 92 125 165 174 195 201
85 86 140 143 175 195 215
30 56 84 102 124 125 138
23 44 56 63 69 86 104
104 124 138 190 213 215 223
41 68 84 109 122 140 156
10
14 18 23 25 27 29 33 34 37 41
20 25 29 32 38 41 42 44 49 51
19 26 30 31 34 35 39 44 46 49
7 13 18 19 23 25 26 29 31 35
9 19 23 26 28 29 33 34 35 38
6 11 15 17 20 23 24 27 30 32
3 6 8 9 11 14 16 17 19 22
5 9 12 15 17 18 21 23 26 28
17 23 27 29 32 34 37 41 42 44
8 12 15 18 21 23 24 25 26 29
17 24 26 31 35 37 40 42 46 49
11 17 20 23 24 28 30 32 35 38
11 21 24 29 30 33 36 37 39 42
6 9 11 13 16 19 21 23 24 25
22 28 32 35 37 38 42 46 49 51
3 5 6 7 8 9 11 14 17 20
16 21 24 26 30 33 36 38 40 42
9 15 17 19 23 26 29 30 31 32
8 16 21 23 24 27 30 32 34 37
4
2 6 10 14
4 8 12 16
3 7 11 15
1 5 9 13
9 10 11 12
1 2 3 4
5 6 7 8
7
11 12 14 17 19 22 24
4 5 6 8 10 11 12
12 14 16 17 18 20 22
10 12 14 16 17 18 19
6 8 11 12 16 17 18
6 7 9 11 12 13 14
2 4 5 6 7 9 11
4 5 7 9 12 14 15
5 6 9 10 14 16 17
2 4 6 8 10 12 14
8 9 10 12 14 16 17
14 15 17 18 19 21 24
9 11 13 16 18 20 21
3
3 4 5
2 3 4
3 4 5
1 2 3
2 3 4
5
3 4 5 6 9
16 18 21 23 27
6 10 11 13 17
6 13 16 21 23
4 10 11 15 18
13 15 18 21 24
10 11 12 16 19
3 6 10 13 16
9 17 19 24 27
2
4 8
2 6
2 4
6
19 30 31 36 38 40
5 7 10 13 15 17
13 22 25 28 33 36
11 17 20 25 28 33
15 22 24 28 33 34
5 9 11 15 17 19
17 25 26 33 34 36
15 25 28 33 34 38
17 26 33 34 36 40
9 13 17 22 25 26
7 13 17 22 25 30
10
9 10 11 12 13 14 15 16 17 18
1 2 3 4 5 6 7 8 9 10
2 3 4 5 6 7 8 9 10 11
1 2 3 4 5 6 7 8 9 10
3 4 5 6 7 8 9 10 11 12
10 11 12 13 14 15 16 17 18 19
5 6 7 8 9 10 11 12 13 14
4 5 6 7 8 9 10 11 12 13
6 7 8 9 10 11 12 13 14 15
2 3 4 5 6 7 8 9 10 11
5 6 7 8 9 10 11 12 13 14
4 5 6 7 8 9 10 11 12 13
3 4 5 6 7 8 9 10 11 12
8 9 10 11 12 13 14 15 16 17
10 11 12 13 14 15 16 17 18 19
9 10 11 12 13 14 15 16 17 18
6 7 8 9 10 11 12 13 14 15
7 8 9 10 11 12 13 14 15 16
7 8 9 10 11 12 13 14 15 16
2
2 22
2 22
22 222
