100
2 3 2
1 1 1
2 1 2
3 2 3
1 21 1
7 7 7
3 1 3
15 4 15
29 2 29
54 9 54
10 18 10
5 20 5
15 3 15
40 7 40
93 5 93
29 3 29
68 1 68
7 2 7
17 1 17
3 4 3
62 7 62
1 2 1
4 3 4
62 4 62
100 1 100
17 11 17
10 5 10
24 13 24
80 8 80
63 7 63
36 1 36
62 9 62
1 86 1
2 8 2
3 37 3
85 2 85
77 8 77
5 8 5
23 8 23
23 4 23
50 5 50
30 12 30
18 12 18
41 5 41
26 9 26
60 8 60
74 1 74
3 13 3
17 14 17
2 7 2
6 17 6
34 8 34
2 4 2
100 4 100
13 14 13
65 2 65
46 9 46
3 34 3
1 29 1
34 9 34
100 9 100
91 7 91
53 9 53
98 5 98
18 4 18
91 8 91
56 1 56
95 8 95
2 59 2
19 3 19
4 29 4
3 35 3
14 7 14
4 4 4
1 100 1
2 18 2
87 5 87
2 2 2
3 3 3
8 7 8
9 1 9
64 8 64
50 2 50
39 5 39
4 1 4
76 6 76
100 3 100
1 3 1
69 4 69
35 8 35
83 2 83
100 2 100
7 19 7
4 2 4
54 8 54
1 95 1
1 4 1
14 10 14
21 3 21
74 9 74
